4 0.4890625 0.16484375 0.128125 0.109375
4 0.6390625 0.2734375 0.121875 0.103125
4 0.55546875 0.496875 0.171875 0.3015625
4 0.65546875 0.65625 0.003125 0.01875
4 0.5671875 0.64296875 0.125 0.0984375
4 0.1109375 0.7 0.1015625 0.0875
4 0.21640625 0.81796875 0.084375 0.090625
4 0.37578125 0.8984375 0.09375 0.0953125
4 0.54453125 0.93125 0.075 0.0984375
4 0.8890625 0.82734375 0.1078125 0.0828125
4 0.7609375 0.0671875 0.1171875 0.1015625
4 0.64765625 0.0984375 0.09375 0.075
4 0.2265625 0.21484375 0.3234375 0.309375