4 0.16328125 0.20703125 0.09375 0.1140625
4 0.2375 0.23125 0.0703125 0.090625
4 0.2015625 0.3046875 0.1125 0.0859375
4 0.28046875 0.39375 0.10625 0.06875
4 0.38515625 0.48984375 0.1 0.0734375
4 0.41328125 0.32421875 0.103125 0.0796875
4 0.35703125 0.25234375 0.10625 0.1328125
4 0.07890625 0.3125 0.08125 0.075
4 0.1484375 0.44375 0.1 0.1015625
4 0.1171875 0.56875 0.071875 0.0828125
4 0.17265625 0.53046875 0.0921875 0.0703125
4 0.3078125 0.65078125 0.159375 0.109375
4 0.1625 0.721875 0.1203125 0.1046875