4 0.33125 0.3265625 0.1078125 0.103125
4 0.43125 0.1046875 0.1078125 0.075
4 0.49921875 0.28125 0.0875 0.0875
4 0.59140625 0.2125 0.1015625 0.0640625
4 0.7125 0.21484375 0.08125 0.0953125
4 0.60546875 0.2984375 0.0953125 0.0734375
4 0.6828125 0.396875 0.159375 0.10625
4 0.403125 0.4953125 0.078125 0.0703125
4 0.490625 0.57890625 0.078125 0.0625
4 0.5578125 0.5296875 0.08125 0.0546875
4 0.7046875 0.61015625 0.096875 0.071875
4 0.55859375 0.78359375 0.1390625 0.1609375
4 0.26796875 0.72421875 0.0796875 0.0828125