4 0.33515625 0.1828125 0.1078125 0.128125
4 0.1671875 0.38671875 0.171875 0.1265625
4 0.26953125 0.58828125 0.05625 0.11875
4 0.41796875 0.58828125 0.0953125 0.0765625
4 0.603125 0.76640625 0.0890625 0.08125
4 0.65 0.5984375 0.0953125 0.08125
4 0.58125 0.51328125 0.0671875 0.09375
4 0.4125 0.40390625 0.1375 0.0984375
4 0.5265625 0.38984375 0.1578125 0.065625
4 0.7359375 0.2109375 0.11875 0.0671875
4 0.67890625 0.32109375 0.084375 0.1140625
4 0.77421875 0.4125 0.1140625 0.1984375
4 0.77578125 0.61328125 0.075 0.0921875