3 0.27109375 0.18515625 0.2015625 0.26171875
3 0.56953125 0.41640625 0.18203125 0.21640625
3 0.85625 0.25390625 0.23515625 0.3171875
3 0.7046875 0.67421875 0.278125 0.28046875
3 0.26640625 0.6453125 0.2125 0.27109375
3 0.209375 0.4140625 0.2109375 0.29296875
3 0.4125 0.34453125 0.2171875 0.2734375
3 0.67265625 0.29765625 0.25078125 0.334375
3 0.90078125 0.621875 0.19765625 0.246875
3 0.51796875 0.88359375 0.25546875 0.23125
3 0.47734375 0.646875 0.190625 0.24921875
3 0.28125 0.88515625 0.2390625 0.22890625
3 0.73515625 0.896875 0.196875 0.20546875