1 0.2 0.18046875 0.3671875 0.1125
1 0.2046875 0.27265625 0.3671875 0.0734375
1 0.21171875 0.9390625 0.36875 0.0984375
1 0.20703125 0.85 0.3671875 0.0796875
1 0.21015625 0.76328125 0.3703125 0.0671875
1 0.20546875 0.684375 0.3640625 0.075
1 0.2046875 0.6015625 0.3671875 0.0765625
1 0.18671875 0.52265625 0.3375 0.0625
1 0.71640625 0.31328125 0.3953125 0.1078125
1 0.7125 0.20546875 0.3984375 0.0859375
1 0.7203125 0.12578125 0.4140625 0.0734375
1 0.71171875 0.6296875 0.41875 0.1140625
1 0.6890625 0.55078125 0.35625 0.05625
1 0.68828125 0.49453125 0.3703125 0.0515625
1 0.71015625 0.41875 0.4015625 0.0859375
1 0.70859375 0.81484375 0.390625 0.0640625
1 0.71328125 0.73515625 0.4 0.0828125