1 0.18671875 0.13671875 0.3734375 0.115625
1 0.18828125 0.23359375 0.3765625 0.0796875
1 0.19453125 0.94140625 0.3890625 0.1046875
1 0.190625 0.84765625 0.38125 0.084375
1 0.19296875 0.7578125 0.3859375 0.0734375
1 0.18828125 0.6734375 0.3765625 0.084375
1 0.18828125 0.584375 0.3765625 0.084375
1 0.171875 0.5 0.34375 0.0640625
1 0.72890625 0.28046875 0.41875 0.1140625
1 0.725 0.165625 0.421875 0.090625
1 0.7328125 0.08046875 0.4390625 0.0796875
1 0.72421875 0.6171875 0.44375 0.121875
1 0.70078125 0.5328125 0.3765625 0.059375
1 0.7 0.47265625 0.3921875 0.0546875
1 0.72265625 0.3921875 0.4265625 0.0921875
1 0.72109375 0.8140625 0.4140625 0.0671875
1 0.7265625 0.72890625 0.4234375 0.0890625