1 0.1890625 0.16640625 0.378125 0.115625
1 0.19375 0.265625 0.3859375 0.0765625
1 0.19921875 0.95546875 0.390625 0.0890625
1 0.196875 0.8734375 0.384375 0.0828125
1 0.2 0.78203125 0.3890625 0.071875
1 0.1953125 0.69921875 0.3828125 0.08125
1 0.19375 0.6125 0.3859375 0.0796875
1 0.17421875 0.52578125 0.3484375 0.0625
1 0.73125 0.309375 0.415625 0.1140625
1 0.72734375 0.1953125 0.4171875 0.090625
1 0.73515625 0.1109375 0.4359375 0.078125
1 0.7265625 0.64140625 0.440625 0.1203125
1 0.703125 0.55859375 0.375 0.059375
1 0.70234375 0.49921875 0.3875 0.0546875
1 0.725 0.41953125 0.421875 0.0921875
1 0.7234375 0.83671875 0.4109375 0.0671875
1 0.72890625 0.75234375 0.4203125 0.0875