1 0.33203125 0.10859375 0.6640625 0.0859375
1 0.2578125 0.240625 0.515625 0.096875
1 0.2484375 0.171875 0.496875 0.0390625
1 0.32265625 0.30859375 0.6453125 0.040625
1 0.3578125 0.44296875 0.715625 0.0375
1 0.3484375 0.4046875 0.696875 0.0359375
1 0.21875 0.48203125 0.4375 0.0390625
1 0.30625 0.57578125 0.6125 0.04375
1 0.4296875 0.690625 0.859375 0.071875
1 0.3546875 0.74296875 0.709375 0.0375
1 0.38828125 0.8484375 0.7765625 0.03125
1 0.3171875 0.9203125 0.634375 0.03125
1 0.21875 0.88046875 0.4375 0.0328125