1 0.3609375 0.13359375 0.6375 0.08125
1 0.28828125 0.26015625 0.503125 0.0921875
1 0.28046875 0.19375 0.4828125 0.0359375
1 0.35078125 0.3234375 0.621875 0.0375
1 0.384375 0.45078125 0.6890625 0.0359375
1 0.36875 0.41484375 0.6828125 0.0328125
1 0.2515625 0.48828125 0.4296875 0.0375
1 0.33046875 0.5765625 0.6015625 0.0421875
1 0.453125 0.68671875 0.8265625 0.0671875
1 0.3828125 0.7359375 0.6796875 0.0359375
1 0.4109375 0.83515625 0.7515625 0.0296875
1 0.34609375 0.90390625 0.6125 0.0296875
1 0.25703125 0.8671875 0.4203125 0.03125