1 0.36171875 0.13515625 0.634375 0.0828125
1 0.28984375 0.26015625 0.5 0.090625
1 0.28125 0.19453125 0.4796875 0.0359375
1 0.3515625 0.3234375 0.61875 0.0375
1 0.38515625 0.45 0.684375 0.0359375
1 0.36953125 0.4140625 0.6796875 0.0328125
1 0.253125 0.4875 0.4265625 0.0375
1 0.33125 0.575 0.5984375 0.0421875
1 0.453125 0.684375 0.821875 0.0671875
1 0.3828125 0.7328125 0.6765625 0.0359375
1 0.4109375 0.83203125 0.746875 0.0296875
1 0.346875 0.9 0.609375 0.0296875
1 0.2578125 0.8640625 0.4171875 0.03125